$ 3 0.0000049999999999999996 10.20027730826997 50 5 43 5e-11
f 56 120 56 48 41 1 0.02
R 40 48 -64 48 0 0 40 2.5 0 0 0.5
g 208 48 264 48 0 0
w 40 48 -8 48 0
r -8 120 -8 48 0 100000
w -8 120 56 120 0
f 104 176 56 176 32 1.5 0.02
w 56 120 56 160 0
g 56 192 56 256 0 0
R 352 176 400 176 0 0 40 5 0 0 0.5
s 272 176 352 176 0 1 false
r 104 176 184 176 0 100000
s 272 272 352 272 0 0 false
R 352 272 400 272 0 0 40 5 0 0 0.5
d 272 176 232 176 2 default
d 272 272 232 272 2 default
w 96 48 72 48 0
w 232 176 184 176 0
w 224 272 184 272 0
w 184 232 184 176 0
r 104 48 184 48 0 1000
w 104 48 96 48 0
w 184 48 208 48 0
w 232 272 224 272 0
x 389 133 639 136 4 12 MCU\sGPIO\s-\sOpens\swhen\sBatt\sfalls\sbelow\s2.5V
x 386 241 604 244 4 12 USB\sVbus\s-\swill\srestore\spower\sto\svoltage\s
x 388 155 604 158 4 12 Cutting\soff\spower\sto\sthe\svoltage\sregulator
x 386 257 590 260 4 12 regulator\swhen\suser\splugs\sin\sto\scharge
x 108 19 251 22 4 12 Output\sto\sVoltage\sregulator
w 184 272 184 232 0
x -88 31 -38 34 4 16 Battery
